%timestamp force 
183.334632
183.145003
183.050396
182.578445
182.494773
182.390283
182.390284
181.453535
180.990224
178.699574
178.297727
177.797876
177.798041
173.383628
171.289948
161.340643
159.667418
157.635520
157.653102
145.463994
140.301027
117.627426
113.946545
109.990355
110.417138
97.521906
92.470389
70.826325
67.105820
63.681692
64.660603
58.544246
55.989641
44.585683
42.657038
40.682611
41.012571
36.933822
29.343631
142.968057
0.000000
39.694949
39.071149
36.072350
35.562271
29.343631
35.679677
40.349864
40.027418
38.448310
38.174753
37.837204
37.838352
37.237185
36.944430
35.509157
29.343631
36.918978
34.380247
37.534918
37.385200
36.644179
36.514187
36.352591
36.352721
36.063379
35.920586
29.343631
33.444825
29.462588
35.578364
36.184697
36.101320
35.686842
35.613728
35.522605
35.522629
35.359105
29.343631
37.820893
43.363406
42.413072
25.569868
35.419769
35.368582
29.343631
30.852207
29.344543
26.959105
25.928654
25.427829
22.916533
22.472049
21.925654
21.932208
16.939164
14.957222
4.901789
2.076095
0.214066
3.212465
18.423500
16.911967
9.317973
7.736996
6.369588
7.006756
4.640616
3.918802
0.000000
0.000000
0.000000
1.836912
5.397356
4.796252
1.709826
0.757966
0.215142
1.188374
0.477149
0.412605
0.000000
0.000000
0.000000
0.000000
0.000000
0.000000
0.000000
0.000000
0.000000
0.000000
0.000000
0.000000
0.000000
0.000000
0.000000
0.000000
0.000000
0.000000
0.000000
0.000000
0.000000
0.000000
0.000000
0.000000
0.000000
0.000000
0.000000
0.000000
0.000000
0.000000
0.000000
0.000000
0.000000
0.000000
0.000000
0.000000
0.000000
0.000000
0.000000
0.000000
0.000000
0.000000
0.000000
0.000000
0.000000
0.000000
0.000000
0.000000
0.000000
0.000000
0.000000
0.000000
0.000000
0.000000
0.000000
0.000000
0.000000
0.000000
0.000000
0.000000
0.000000
0.000000
0.000000
0.000000
0.000000
0.000000
0.000000
0.000000
0.000000
0.000000
0.000000
0.000000
0.000000
0.000000
0.000000
0.000000
0.000000
0.000000
0.000000
0.000000
0.000000
0.000000
0.000000
0.000000
0.000000
0.000000
0.000000
0.000000
0.000000
0.000000
0.000000
0.000000
0.000000
0.000000
0.000000
0.000000
0.000000
0.000000
0.000000
0.000000
0.000000
0.000000
0.000000
0.000000
0.000000
0.000000
0.000000
0.000000
0.000000
0.000000
0.000000
0.000000
0.000000
0.000000
0.000000
0.000000
0.000000
0.000000
0.000000
0.000000
0.000000
0.000000
0.000000
0.000000
0.000000
0.000000
0.000000
